32 32
48 52 54 55 53 49 55 70 53 45 44 47 50 60 61 68 64 66 69 80 67 58 58 58 51 43 40 35 32 27 27 23 
53 55 55 57 54 52 52 51 50 48 43 39 48 57 59 60 62 64 67 69 66 63 59 56 51 48 41 37 33 31 28 27 
59 61 53 53 54 51 58 62 53 50 52 54 51 54 57 57 53 54 65 69 68 65 69 72 61 57 49 47 40 39 34 34 
56 57 53 61 54 48 61 62 55 44 55 53 53 55 55 48 49 58 65 76 69 62 74 76 66 51 52 41 43 33 36 33 
58 58 65 67 61 61 63 66 55 49 52 52 52 52 65 67 59 59 71 76 73 72 62 61 61 53 46 44 34 32 29 28 
62 62 67 61 65 68 68 71 58 60 54 55 52 65 73 71 63 67 73 73 75 72 60 68 59 46 45 36 33 29 26 25 
63 61 67 68 71 76 75 77 69 67 57 54 56 61 65 65 72 72 74 77 67 63 64 60 57 53 38 36 28 22 31 33 
73 65 70 63 74 71 77 69 70 61 56 48 55 71 65 71 73 71 77 80 66 70 61 55 56 41 37 43 27 28 34 50 
75 72 77 78 73 74 78 78 68 61 53 49 50 53 61 61 66 67 59 59 62 62 53 49 50 49 53 55 45 41 46 50 
90 85 85 85 78 84 83 88 70 58 52 47 45 51 54 51 60 47 48 42 53 53 48 49 52 54 59 59 51 51 50 51 
93 94 85 82 85 85 93 94 72 61 52 49 45 42 46 45 49 46 34 32 40 41 47 46 45 49 54 54 53 49 55 57 
92 95 86 87 86 94 96 90 72 61 53 60 45 48 44 54 48 33 29 38 36 43 44 30 41 55 53 60 52 54 58 59 
90 90 89 87 89 89 90 90 80 73 58 56 53 52 51 51 43 34 29 28 37 44 45 44 48 51 55 55 58 55 61 63 
91 92 89 95 89 87 89 84 81 61 56 50 52 58 52 58 43 28 24 17 35 52 51 60 53 57 54 64 59 55 62 52 
85 87 96 97 94 92 88 88 63 54 57 56 61 65 55 53 39 29 25 25 32 40 51 50 60 60 67 70 58 55 44 40 
76 92 96 93 94 85 88 74 59 55 57 55 64 58 53 50 36 21 27 29 33 59 50 59 61 64 70 62 57 53 40 42 
87 90 85 84 90 89 85 83 73 66 59 59 44 40 49 48 38 36 33 33 48 53 55 56 57 58 65 67 49 43 44 43 
88 88 82 93 91 92 89 92 78 62 61 54 38 39 44 34 40 49 40 50 50 47 52 53 54 53 64 57 44 33 40 28 
90 92 91 92 82 83 94 93 77 71 55 51 37 30 33 32 47 54 50 49 37 36 35 30 43 46 43 40 26 20 23 20 
80 88 90 77 78 93 93 76 76 61 54 46 32 33 31 35 49 52 50 36 32 46 28 25 37 44 35 20 16 21 18 10 
78 79 78 76 78 80 77 72 66 60 58 56 38 35 43 44 54 59 53 51 45 44 33 31 28 31 27 23 17 18 12 9 
77 77 76 76 74 78 73 77 65 56 59 46 39 50 49 54 60 54 57 51 46 24 30 20 23 17 22 12 15 19 12 21 
72 70 77 77 72 71 74 72 58 50 49 45 52 56 58 62 53 49 49 43 31 25 25 26 12 7 11 8 18 23 24 25 
79 77 77 78 71 78 73 70 54 54 48 42 54 56 62 71 55 63 47 29 27 22 27 28 11 14 9 5 19 19 24 13 
70 71 68 68 71 73 72 72 61 59 53 49 55 56 60 63 63 60 46 40 31 29 26 25 33 33 20 18 22 23 13 12 
55 59 61 55 66 63 70 60 61 68 57 64 59 55 58 59 59 47 46 39 35 36 28 34 40 35 28 32 27 11 11 11 
53 51 63 67 58 57 62 63 70 73 59 53 59 58 59 61 52 50 50 51 42 41 35 33 33 32 33 29 13 7 5 2 
63 50 65 66 58 58 62 68 73 73 56 56 58 54 59 50 51 46 53 50 45 42 36 40 33 43 33 17 9 12 3 10 
47 44 58 62 64 67 75 79 68 66 62 58 50 46 45 42 55 57 51 52 43 39 37 35 27 20 20 15 17 19 4 1 
46 51 57 52 65 73 81 77 68 65 61 61 49 51 42 50 58 53 53 54 43 45 36 40 19 13 13 5 17 12 2 8 
47 47 54 57 62 67 68 66 74 73 65 63 54 53 53 54 49 50 52 51 41 37 40 36 20 14 13 14 5 4 -5 -13 
46 45 55 60 63 74 65 70 75 66 65 49 53 50 54 50 49 54 51 47 37 43 37 16 15 5 14 11 4 8 -13 -29 
