64 64
93 100 100 100 99 98 97 94 94 93 92 91 87 83 85 89 79 72 69 65 67 70 68 66 62 58 59 65 59 57 58 61 64 71 70 68 67 63 60 52 58 60 56 47 51 50 47 42 39 33 27 16 19 18 17 17 10 4 6 15 20 37 40 59 
100 100 100 100 99 99 98 98 95 94 92 92 88 85 84 83 78 74 69 65 66 68 68 68 62 58 58 57 58 59 58 57 63 69 70 72 68 65 62 63 60 60 58 58 52 49 48 49 40 34 29 26 20 17 16 16 10 5 4 3 17 28 34 36 
98 97 97 96 96 95 99 99 91 88 94 93 92 91 85 86 75 69 68 65 67 68 63 60 64 63 53 53 60 60 62 63 65 68 64 62 67 66 65 64 61 60 57 54 50 49 48 47 43 39 29 25 23 22 18 18 3 -1 0 0 21 28 19 18 
100 100 96 100 95 100 99 100 90 95 94 91 93 83 86 90 74 73 68 69 68 69 60 59 63 55 52 65 62 58 64 63 66 71 62 66 66 67 66 66 62 65 56 48 48 51 48 45 43 36 28 21 23 17 18 9 0 1 -1 13 23 21 13 14 
93 92 97 97 91 88 89 86 91 91 96 95 85 80 82 82 82 78 71 69 64 62 55 52 61 64 61 62 61 59 69 71 60 58 65 64 57 56 57 55 53 49 46 41 41 40 37 34 37 34 20 14 15 14 6 2 8 9 12 13 12 9 13 13 
93 95 95 94 86 90 83 86 88 100 98 100 85 87 81 86 82 76 71 67 61 56 51 51 63 65 62 65 61 68 73 68 57 58 62 57 52 59 53 55 46 46 40 39 36 39 32 35 34 25 15 14 13 11 3 7 11 21 16 22 10 5 10 6 
94 94 90 89 90 86 89 90 95 99 97 96 91 88 88 89 83 79 73 71 61 57 54 55 67 70 67 68 68 69 70 70 61 58 62 65 65 65 60 60 53 51 41 40 43 42 43 45 34 29 16 12 9 6 15 17 19 22 17 13 2 -3 3 4 
96 93 89 100 90 86 90 92 96 100 96 91 89 86 89 90 84 74 73 67 60 54 56 70 72 67 68 66 68 69 71 62 59 56 64 70 68 56 61 55 54 42 41 49 45 36 45 46 36 23 15 19 8 10 18 20 22 25 14 1 -4 1 3 14 
94 92 98 99 91 87 92 92 95 95 93 90 84 80 82 81 81 77 79 78 63 58 62 64 67 65 55 53 69 73 64 62 65 64 70 74 66 61 59 58 56 54 55 57 47 42 39 39 37 33 26 23 23 20 18 20 19 21 19 17 10 11 18 22 
100 100 99 100 92 100 95 100 95 97 92 96 83 86 80 85 81 81 83 78 66 69 64 70 66 56 50 54 68 71 65 73 70 72 75 77 68 65 62 62 60 61 61 59 50 45 39 43 39 39 30 31 27 14 18 12 17 14 21 17 16 22 24 25 
100 100 100 100 97 96 95 93 96 94 91 87 82 79 84 83 78 77 78 75 75 75 69 69 59 56 56 58 61 64 72 72 72 74 72 71 64 60 61 59 61 60 61 59 49 46 42 41 42 40 30 24 18 15 9 7 7 9 16 18 26 26 26 26 
100 100 100 100 96 100 93 100 95 99 88 80 77 82 82 75 75 80 76 65 74 68 68 56 56 50 56 64 62 73 72 62 71 74 70 69 61 67 61 67 62 65 61 50 48 45 42 46 42 40 27 13 14 10 6 -2 4 16 17 33 30 32 29 41 
98 98 100 100 100 100 100 100 89 84 77 71 73 74 73 71 77 80 74 71 71 71 55 51 58 58 56 58 66 69 69 67 75 79 70 68 68 65 72 73 56 50 46 41 45 46 51 53 40 36 20 12 12 8 -2 -5 0 4 22 27 24 26 42 45 
97 98 100 99 100 100 100 100 84 76 70 67 69 70 70 67 76 76 75 73 72 59 52 58 61 59 56 58 64 70 70 72 78 77 70 80 70 71 75 70 52 45 39 37 43 48 53 47 39 30 18 20 12 1 -4 -3 -3 8 19 15 21 39 44 40 
96 97 100 100 98 98 93 90 80 71 68 66 66 64 73 76 75 76 75 73 59 56 57 57 63 62 56 55 66 69 78 80 75 76 83 84 73 71 68 66 56 50 41 41 42 43 42 39 39 35 16 8 6 2 -1 -1 8 10 17 23 32 36 41 41 
94 97 100 100 98 100 90 92 77 71 67 75 66 67 76 82 78 78 75 60 56 59 57 69 66 60 56 65 68 73 81 77 76 83 85 74 72 72 66 57 54 39 42 50 43 48 39 41 39 29 11 5 3 -1 0 8 10 7 21 39 36 40 41 33 
92 91 97 99 94 92 93 91 84 78 80 81 71 66 66 68 61 59 56 50 54 54 65 67 70 70 66 67 71 73 73 75 75 76 74 72 67 64 63 60 53 50 49 50 44 40 47 46 34 31 19 12 13 12 15 18 16 17 20 26 36 38 36 36 
94 92 96 97 91 93 91 95 86 80 83 78 70 56 60 52 51 55 49 51 52 66 66 68 73 70 68 70 72 69 72 72 72 71 71 73 64 65 62 60 57 59 53 55 42 44 47 39 34 34 22 22 20 17 21 17 20 17 19 23 33 28 35 26 
84 87 81 77 91 95 83 79 78 76 68 64 59 53 49 49 51 51 50 51 60 61 68 69 65 65 67 66 65 66 63 61 67 68 68 68 73 72 66 67 66 64 63 63 53 48 46 47 46 42 33 29 27 27 18 16 13 12 26 31 26 26 26 27 
66 86 74 70 87 87 77 67 72 75 63 58 53 44 46 50 49 47 50 68 62 67 69 66 64 70 66 61 63 67 59 60 65 68 67 74 75 66 69 75 70 63 66 63 55 46 49 63 52 42 35 26 30 23 18 15 11 15 28 29 26 25 27 36 
70 73 70 67 77 82 72 69 68 66 57 52 47 45 50 50 57 58 63 67 70 68 71 72 64 62 58 55 59 61 54 52 57 59 68 70 64 62 74 76 72 70 64 64 58 54 53 54 45 37 37 34 19 14 15 12 17 21 26 29 29 26 28 30 
65 65 65 65 75 71 70 74 66 53 51 46 46 60 54 64 63 70 68 77 71 68 73 68 61 53 53 48 55 53 49 51 54 63 66 68 62 71 75 69 72 65 64 65 61 60 53 57 42 40 38 30 17 14 12 8 18 31 30 39 30 24 26 21 
65 66 57 54 67 70 66 65 62 56 49 47 56 62 61 62 69 73 76 77 69 68 61 59 58 53 46 44 49 48 50 49 57 60 61 62 71 71 64 61 63 63 61 60 66 65 59 58 42 36 33 30 20 14 12 11 20 27 30 30 29 25 17 14 
63 62 53 57 66 71 64 67 61 49 48 45 57 62 61 61 70 75 76 64 67 68 59 63 56 49 45 55 49 50 49 54 57 61 60 74 72 69 61 56 60 63 60 68 68 58 59 48 39 37 32 28 19 12 12 14 21 34 28 30 27 19 14 6 
70 68 75 76 74 76 70 70 59 54 52 49 60 63 63 65 67 70 64 62 63 63 59 57 50 45 54 55 48 46 41 40 52 57 62 64 68 66 61 58 63 66 69 72 63 58 54 52 39 35 35 33 22 19 17 17 19 20 18 17 21 21 9 5 
86 81 84 82 79 68 71 69 61 68 57 63 64 57 63 59 65 61 61 62 61 58 55 55 47 53 54 48 45 41 35 37 49 59 59 66 65 63 61 62 65 66 71 73 63 52 53 46 38 35 36 26 24 25 20 23 16 11 10 12 19 18 9 15 
82 81 80 77 72 68 70 70 74 74 69 67 61 60 54 53 64 66 62 63 55 51 52 51 52 49 54 54 37 32 37 37 52 60 51 50 60 61 58 56 58 61 62 61 56 51 45 43 39 33 35 33 30 32 16 12 13 10 13 16 20 22 17 16 
83 91 80 77 71 72 71 79 77 74 71 61 61 59 53 61 66 61 62 65 53 56 51 61 52 50 54 45 33 34 36 39 53 54 46 48 56 59 55 46 54 66 58 57 53 49 44 55 40 35 36 24 31 26 13 13 10 6 14 17 22 18 17 21 
77 79 75 72 68 66 70 70 72 74 72 70 61 57 64 65 62 62 68 68 65 60 61 62 54 50 46 45 47 49 42 42 49 50 51 50 48 48 54 53 57 61 49 46 51 51 50 51 42 38 36 34 23 18 12 8 9 7 13 16 13 15 28 30 
69 72 70 70 65 68 66 62 70 76 75 77 63 65 66 68 64 79 73 81 68 62 62 59 53 47 45 41 51 54 47 58 52 52 52 53 46 51 54 53 56 45 42 45 50 48 49 43 41 42 40 38 22 16 9 12 9 8 13 9 12 31 33 36 
67 65 73 75 74 72 63 61 64 68 75 74 69 69 67 69 80 83 73 68 66 62 58 56 51 47 47 46 51 57 53 52 54 53 51 50 53 55 56 58 43 38 43 44 51 50 45 44 37 38 39 36 23 19 9 6 10 10 6 8 24 30 36 37 
74 69 74 82 77 63 61 59 62 76 73 61 68 68 69 81 84 86 70 67 63 61 57 55 50 44 47 40 53 59 53 56 54 56 51 46 53 53 58 53 41 43 43 57 53 43 44 32 34 41 37 19 20 14 6 6 10 5 6 21 27 36 37 33 
70 71 65 66 67 65 66 65 69 72 69 68 63 65 77 80 71 66 59 52 59 59 43 39 39 36 35 33 39 44 53 53 49 45 42 39 45 49 55 56 50 46 47 49 50 47 29 25 37 40 31 28 21 18 14 12 5 2 16 20 24 28 27 26 
59 62 59 61 64 69 69 66 68 59 67 60 63 75 78 80 64 57 49 47 54 42 34 34 33 35 31 30 34 50 51 54 45 38 37 34 43 57 57 60 52 50 46 49 49 34 26 30 36 30 32 33 24 19 17 18 6 12 17 13 21 26 23 27 
63 63 63 65 62 64 69 69 59 58 64 67 70 74 77 77 63 54 51 49 46 43 32 30 32 30 30 30 47 52 48 47 46 44 38 40 50 55 51 47 50 49 36 30 27 24 27 24 27 31 25 23 24 22 20 20 16 14 16 19 19 19 30 32 
62 54 63 61 61 67 69 57 57 59 66 71 72 77 76 76 61 50 50 50 46 33 30 40 32 30 30 46 50 50 46 41 45 33 40 50 53 59 47 44 47 44 29 19 19 26 23 11 24 30 22 23 23 23 22 23 17 14 19 32 21 27 32 38 
62 60 64 66 61 60 65 65 65 68 66 67 77 78 70 68 63 56 57 57 43 39 36 36 42 42 41 43 44 45 55 55 48 45 44 47 49 50 51 49 32 25 19 13 10 9 9 5 20 27 25 25 28 29 35 37 22 18 31 35 35 34 37 40 
70 67 68 68 61 63 67 64 70 75 69 81 79 74 68 75 64 58 60 50 44 41 37 40 45 46 43 43 43 58 60 63 55 48 46 47 46 47 50 44 25 16 12 8 3 7 4 5 18 22 25 28 31 35 41 39 26 34 36 37 38 36 39 37 
70 71 60 57 63 63 64 64 70 74 74 73 75 74 75 74 60 54 48 44 45 43 45 48 46 43 46 45 51 56 60 60 55 51 42 40 51 52 43 40 18 10 8 6 7 6 1 1 10 13 29 32 34 38 37 36 32 30 39 41 39 39 35 34 
65 69 57 59 62 65 64 65 71 79 72 71 73 74 74 65 57 55 46 44 44 42 48 65 49 49 47 44 52 64 60 61 55 50 41 46 52 44 40 20 11 8 6 7 6 3 0 12 10 24 31 25 35 40 37 34 30 38 41 38 40 37 34 31 
55 55 56 54 57 60 67 68 66 66 70 69 59 57 61 59 50 48 58 58 53 53 54 58 52 47 52 51 59 67 66 67 59 55 53 53 42 38 24 17 18 15 11 11 12 15 10 11 19 20 21 22 21 26 35 35 32 31 36 37 41 43 32 30 
49 51 51 47 54 65 68 67 62 61 66 59 52 51 55 47 46 56 62 58 59 57 55 59 50 55 55 46 61 64 68 69 61 56 56 51 41 30 20 22 20 12 13 4 16 17 13 19 19 10 17 7 15 30 34 34 30 31 35 36 43 40 33 39 
57 56 51 53 59 63 62 61 60 58 50 47 54 53 48 48 52 57 59 61 68 67 67 71 58 52 50 48 57 60 65 65 65 64 47 43 43 39 29 28 23 18 15 16 18 21 24 26 16 11 15 18 20 26 21 18 24 25 32 35 39 38 47 49 
61 47 53 61 62 66 61 61 58 56 46 47 52 41 46 42 52 58 61 76 73 62 72 82 61 58 52 63 60 69 65 61 65 56 45 44 44 30 31 38 27 14 19 23 23 22 27 28 17 8 18 18 22 28 16 14 20 28 32 47 40 45 51 51 
65 64 60 62 63 63 65 65 58 58 50 47 46 44 43 43 50 55 70 75 74 71 68 70 70 66 64 66 62 63 60 58 56 53 47 45 38 37 37 38 31 25 25 27 34 36 38 42 26 19 16 16 18 21 20 17 25 31 48 54 46 43 50 52 
67 65 64 67 63 57 64 56 58 54 50 49 47 44 44 45 51 65 71 77 76 70 66 67 69 61 65 56 59 60 58 57 54 40 44 37 39 43 40 40 34 32 30 34 40 38 45 45 31 23 18 13 16 20 19 22 29 46 54 57 47 46 51 45 
60 60 69 69 56 53 53 52 53 51 48 45 40 38 46 47 53 58 69 71 69 65 68 67 58 56 56 55 60 61 47 41 45 44 41 43 37 37 34 28 25 26 31 31 33 35 45 48 41 34 20 17 21 23 28 31 42 49 49 50 52 50 49 51 
57 66 69 58 53 55 52 57 52 53 46 39 37 44 47 51 53 68 68 78 68 66 67 59 55 55 55 60 61 57 41 33 42 33 41 42 37 41 29 12 19 31 30 28 32 45 48 54 45 25 21 20 23 24 32 38 46 54 49 54 52 46 51 50 
60 61 62 61 56 54 53 51 55 53 49 46 48 49 58 61 66 71 68 69 69 67 65 63 57 54 52 51 57 58 44 40 30 26 29 29 35 35 24 18 23 26 31 31 35 38 50 52 48 43 41 40 30 27 31 32 43 46 52 52 54 55 54 55 
62 61 62 63 56 60 52 60 56 53 51 55 53 59 64 60 68 65 65 66 67 70 67 66 58 54 49 47 55 46 44 43 30 26 24 27 31 31 24 27 25 31 32 39 36 50 51 57 54 57 52 54 37 40 32 42 42 50 51 52 57 62 59 65 
63 66 63 64 61 61 54 51 56 56 62 66 69 69 68 71 65 62 66 66 66 65 66 64 58 51 44 39 40 41 40 36 27 24 27 29 24 24 25 21 30 33 38 41 47 49 50 50 57 58 59 57 48 43 47 49 48 47 48 47 54 56 61 60 
54 62 63 57 60 60 51 49 55 58 67 82 76 70 74 85 68 68 67 73 66 71 66 74 58 51 40 30 36 42 36 21 22 20 27 26 22 32 23 22 30 37 41 48 49 55 49 58 58 67 62 60 50 49 52 60 51 54 48 55 53 67 60 60 
58 59 55 53 57 60 54 52 59 62 67 71 73 72 77 79 75 72 77 79 70 69 68 67 53 44 37 31 32 32 31 28 25 27 24 25 27 29 30 28 34 36 45 48 48 48 61 63 63 65 68 69 58 55 63 66 57 54 59 60 56 57 68 69 
57 56 52 47 56 59 55 59 62 67 66 72 72 79 77 75 75 75 80 73 70 70 66 64 48 44 36 34 29 23 29 22 28 28 25 28 27 37 33 41 38 45 47 51 47 58 63 61 63 61 69 65 61 66 68 66 58 57 61 59 54 63 70 64 
68 62 56 55 61 64 62 64 69 69 71 74 83 82 77 76 73 72 77 78 75 73 60 55 50 48 36 33 27 26 22 22 34 36 30 30 30 33 45 47 50 52 53 56 60 63 60 60 59 60 60 60 63 63 57 53 54 53 58 59 56 55 58 54 
95 60 59 62 65 64 65 80 73 71 74 95 87 78 77 76 72 74 79 80 76 66 55 41 47 38 34 23 26 23 23 36 38 31 31 30 30 44 48 47 53 51 56 56 62 60 60 52 57 62 59 65 63 67 53 48 50 56 58 59 54 63 54 42 
79 71 64 62 71 73 73 75 81 82 85 89 81 74 70 69 69 72 75 76 65 58 50 44 38 35 40 38 37 40 36 37 46 45 31 29 43 48 53 55 55 56 55 55 61 63 54 52 55 56 58 58 57 54 52 48 48 49 53 54 55 58 51 47 
87 82 68 75 76 78 75 80 85 88 87 88 77 63 65 56 66 73 74 77 61 58 49 50 39 44 45 41 46 51 42 56 53 43 33 41 47 55 58 60 59 59 56 58 62 57 53 59 55 58 56 64 53 50 49 46 46 44 49 43 51 50 50 49 
90 88 83 82 78 77 84 85 87 89 84 81 65 58 59 59 58 63 71 72 58 52 56 55 55 54 47 47 56 60 57 58 52 48 52 55 58 62 63 64 63 62 53 48 52 54 49 45 58 62 52 50 52 49 46 45 46 45 37 35 43 45 38 33 
94 85 86 90 81 84 87 87 88 86 80 62 58 51 57 50 55 67 68 62 54 57 57 59 59 53 51 56 62 63 60 61 54 51 58 60 64 65 66 68 65 62 50 41 48 56 44 40 56 55 47 48 48 46 45 45 46 38 34 36 41 47 33 29 
88 86 88 89 89 89 86 86 83 81 75 70 56 49 55 56 57 60 53 52 56 58 56 55 54 53 57 59 61 63 57 56 56 55 59 61 61 62 63 62 52 45 42 37 39 42 35 30 40 43 45 44 47 49 51 52 49 46 40 41 36 36 26 22 
89 89 88 86 90 90 87 89 82 81 76 74 57 54 57 51 54 44 46 44 53 58 55 55 53 52 57 55 60 54 54 51 55 57 60 60 60 64 61 63 46 38 36 28 33 33 28 32 35 41 41 39 47 55 55 57 52 36 41 32 31 18 18 11 
95 95 83 82 93 95 91 91 82 78 75 70 57 52 53 52 40 36 42 44 54 56 52 49 49 50 50 51 61 60 48 46 52 54 61 64 61 60 59 57 48 42 30 28 35 35 37 41 43 42 45 46 49 54 48 44 46 42 32 30 19 13 14 13 
97 88 82 92 96 91 92 91 81 83 73 55 53 53 53 47 37 39 42 61 57 56 49 41 46 50 49 63 63 52 46 45 50 55 63 67 61 63 57 49 45 31 29 39 37 32 41 54 47 41 47 47 51 58 44 43 45 34 31 30 17 11 13 8 
